R = [0 0 -1; 0.3420 0.9397 0; 0.9397 -0.3420 0];